   1       0 ram0 0 0 0 0 0 0 0 0 0 0 0 0 0 0 0 0 0
   1       1 ram1 0 0 0 0 0 0 0 0 0 0 0 0 0 0 0 0 0
   1       2 ram2 0 0 0 0 0 0 0 0 0 0 0 0 0 0 0 0 0
   1       3 ram3 0 0 0 0 0 0 0 0 0 0 0 0 0 0 0 0 0
   1       4 ram4 0 0 0 0 0 0 0 0 0 0 0 0 0 0 0 0 0
   1       5 ram5 0 0 0 0 0 0 0 0 0 0 0 0 0 0 0 0 0
   1       6 ram6 0 0 0 0 0 0 0 0 0 0 0 0 0 0 0 0 0
   1       7 ram7 0 0 0 0 0 0 0 0 0 0 0 0 0 0 0 0 0
   1       8 ram8 0 0 0 0 0 0 0 0 0 0 0 0 0 0 0 0 0
   1       9 ram9 0 0 0 0 0 0 0 0 0 0 0 0 0 0 0 0 0
   1      10 ram10 0 0 0 0 0 0 0 0 0 0 0 0 0 0 0 0 0
   1      11 ram11 0 0 0 0 0 0 0 0 0 0 0 0 0 0 0 0 0
   1      12 ram12 0 0 0 0 0 0 0 0 0 0 0 0 0 0 0 0 0
   1      13 ram13 0 0 0 0 0 0 0 0 0 0 0 0 0 0 0 0 0
   1      14 ram14 0 0 0 0 0 0 0 0 0 0 0 0 0 0 0 0 0
   1      15 ram15 0 0 0 0 0 0 0 0 0 0 0 0 0 0 0 0 0
   7       0 loop0 4478 0 846872 43450 0 0 0 0 0 4812 43450 0 0 0 0 0 0
   7       1 loop1 4086 0 647286 14285 0 0 0 0 0 6776 14285 0 0 0 0 0 0
   7       2 loop2 0 0 0 0 0 0 0 0 0 0 0 0 0 0 0 0 0
   7       3 loop3 0 0 0 0 0 0 0 0 0 0 0 0 0 0 0 0 0
   7       4 loop4 0 0 0 0 0 0 0 0 0 0 0 0 0 0 0 0 0
   7       5 loop5 0 0 0 0 0 0 0 0 0 0 0 0 0 0 0 0 0
   7       6 loop6 0 0 0 0 0 0 0 0 0 0 0 0 0 0 0 0 0
   7       7 loop7 0 0 0 0 0 0 0 0 0 0 0 0 0 0 0 0 0
   8      16 sdb 226 70 29250 369 0 0 0 0 0 312 369 0 0 0 0 0 0
   8       0 sda 1212 429 153962 1494 0 0 0 0 0 1172 1494 0 0 0 0 0 0
   8      32 sdc 98 0 4456 49 2888 914607 7339952 3018209 0 18928 3018345 0 0 0 0 1 87
   8      48 sdd 893 46 90012 5794 17712 4648 35805872 26716 0 3088 33533 515 0 2147483712 504 103 517
   8      64 sde 31077 10481 2938106 46273 99447 164289 20363160 398746 0 184764 504436 13097 4211 217893920 5088 52410 54328
   8      80 sdf 39216 31 1932978 45977 596 5260 46704 7977 0 612084 54120 0 0 0 0 109 165
