   1       0 ram0 0 0 0 0 0 0 0 0 0 0 0 0 0 0 0 0 0
   1       1 ram1 0 0 0 0 0 0 0 0 0 0 0 0 0 0 0 0 0
   1       2 ram2 0 0 0 0 0 0 0 0 0 0 0 0 0 0 0 0 0
   1       3 ram3 0 0 0 0 0 0 0 0 0 0 0 0 0 0 0 0 0
   1       4 ram4 0 0 0 0 0 0 0 0 0 0 0 0 0 0 0 0 0
   1       5 ram5 0 0 0 0 0 0 0 0 0 0 0 0 0 0 0 0 0
   1       6 ram6 0 0 0 0 0 0 0 0 0 0 0 0 0 0 0 0 0
   1       7 ram7 0 0 0 0 0 0 0 0 0 0 0 0 0 0 0 0 0
   1       8 ram8 0 0 0 0 0 0 0 0 0 0 0 0 0 0 0 0 0
   1       9 ram9 0 0 0 0 0 0 0 0 0 0 0 0 0 0 0 0 0
   1      10 ram10 0 0 0 0 0 0 0 0 0 0 0 0 0 0 0 0 0
   1      11 ram11 0 0 0 0 0 0 0 0 0 0 0 0 0 0 0 0 0
   1      12 ram12 0 0 0 0 0 0 0 0 0 0 0 0 0 0 0 0 0
   1      13 ram13 0 0 0 0 0 0 0 0 0 0 0 0 0 0 0 0 0
   1      14 ram14 0 0 0 0 0 0 0 0 0 0 0 0 0 0 0 0 0
   1      15 ram15 0 0 0 0 0 0 0 0 0 0 0 0 0 0 0 0 0
   7       0 loop0 4478 0 846872 43450 0 0 0 0 0 4812 43450 0 0 0 0 0 0
   7       1 loop1 4284 0 667314 14551 0 0 0 0 0 6892 14551 0 0 0 0 0 0
   7       2 loop2 0 0 0 0 0 0 0 0 0 0 0 0 0 0 0 0 0
   7       3 loop3 0 0 0 0 0 0 0 0 0 0 0 0 0 0 0 0 0
   7       4 loop4 0 0 0 0 0 0 0 0 0 0 0 0 0 0 0 0 0
   7       5 loop5 0 0 0 0 0 0 0 0 0 0 0 0 0 0 0 0 0
   7       6 loop6 0 0 0 0 0 0 0 0 0 0 0 0 0 0 0 0 0
   7       7 loop7 0 0 0 0 0 0 0 0 0 0 0 0 0 0 0 0 0
   8      16 sdb 229 70 29474 371 0 0 0 0 0 316 371 0 0 0 0 0 0
   8       0 sda 1227 429 154762 1504 0 0 0 0 0 1176 1504 0 0 0 0 0 0
   8      32 sdc 98 0 4456 49 3714 1175925 9437104 3024546 0 22720 3024683 0 0 0 0 1 87
   8      48 sdd 893 46 90012 5794 17712 4648 35805872 26716 0 3088 33533 515 0 2147483712 504 103 517
   8      64 sde 31088 10481 2939562 46285 100062 166517 20502048 406308 0 186604 512352 13154 4238 219607336 5117 52606 54639
   8      80 sdf 39429 31 1956802 46115 596 5260 46704 7977 0 612188 54258 0 0 0 0 109 165
